1740532717291 0.31439 0
1740532851152 0.586 1
1740532970326 0.75121 2
1740533088096 0.76796 3
1740533204859 0.86683 4
1740533333094 0.9075 5
1740533463470 0.88543 6
1740533594860 0.91249 7
1740533713981 0.94435 8
1740533840186 0.94127 9
1740533967179 0.94906 10
1740534082686 0.94704 11
1740534202877 0.93574 12
1740534327726 0.93239 13
1740534451257 0.96375 14
1740534576764 0.96013 15
1740534704472 0.95833 16
1740534835900 0.96951 17
1740534961432 0.96222 18
1740535088675 0.96887 19
1740535210055 0.97033 20
1740535334899 0.97204 21
