1740532717291 0.28607 0
1740532851152 0.49367 1
1740532970326 0.63568 2
1740533088096 0.64062 3
1740533204859 0.75887 4
1740533333094 0.81207 5
1740533463470 0.77902 6
1740533594860 0.7955 7
1740533713981 0.8503 8
1740533840186 0.84485 9
1740533967179 0.84979 10
1740534082686 0.85444 11
1740534202877 0.84123 12
1740534327726 0.82699 13
1740534451257 0.87062 14
1740534576764 0.85815 15
1740534704472 0.86207 16
1740534835900 0.87093 17
1740534961432 0.8659 18
1740535088675 0.87664 19
1740535210055 0.88709 20
1740535334899 0.88862 21
1740535459458 0.89287 22
1740535590558 0.88685 23
1740535713816 0.88996 24
1740535840483 0.89614 25
