1740532717291 0.30223 0
1740532851152 0.52006 1
1740532970326 0.7116 2
1740533088096 0.74586 3
1740533204859 0.79155 4
1740533333094 0.84438 5
1740533463470 0.84224 6
1740533594860 0.83146 7
1740533713981 0.92735 8
1740533840186 0.9177 9
1740533967179 0.93907 10
1740534082686 0.92621 11
1740534202877 0.91979 12
1740534327726 0.88475 13
1740534451257 0.92196 14
1740534576764 0.94679 15
1740534704472 0.91488 16
1740534835900 0.93247 17
1740534961432 0.9516 18
1740535088675 0.9434 19
1740535210055 0.96198 20
1740535334899 0.95915 21
1740535459458 0.94563 22
1740535590558 0.94348 23
1740535713816 0.9596 24
1740535840483 0.95355 25
