1740532717291 0.45624 0
1740532851152 0.61835 1
1740532970326 0.69848 2
1740533088096 0.69586 3
1740533204859 0.82594 4
1740533333094 0.85991 5
1740533463470 0.83169 6
1740533594860 0.88206 7
1740533713981 0.83008 8
1740533840186 0.86016 9
1740533967179 0.88297 10
1740534082686 0.91028 11
1740534202877 0.88389 12
1740534327726 0.88832 13
1740534451257 0.92163 14
1740534576764 0.90851 15
1740534704472 0.91725 16
1740534835900 0.95496 17
1740534961432 0.90859 18
1740535088675 0.91588 19
1740535210055 0.89927 20
1740535334899 0.93408 21
