1740663285753 0.00019429565217391303 0
1740663598163 0.00038256779826086957 1
1740663911212 0.0005630783443478259 2
1740664223210 0.0005530728 3
1740664522239 0.0005414304 4
1740664814357 0.000529788 5
1740665127459 0.0005181456 6
1740665434375 0.0005065031999999999 7
1740665753884 0.0004948608 8
1740666075429 0.0004832184 9
1740666393671 0.000471576 10
1740666708657 0.0004599336 11
1740667021563 0.0004482912 12
1740667329306 0.0004366488 13
1740667640016 0.0004250064 14
1740667951176 0.00041336399999999994 15
1740668258823 0.00040172159999999995 16
1740668570073 0.0003900791999999999 17
1740668877733 0.0003784368 18
1740669189540 0.0003667944 19
1740669503162 0.00035515199999999996 20
1740669814760 0.0003435096 21
1740670128082 0.00033186719999999997 22
1740670439364 0.00032022480000000003 23
1740670755340 0.00030858240000000004 24
1740671066221 0.00029694 25
1740671378237 0.0002852976 26
1740671695681 0.0002736552 27
1740671990368 0.00026201279999999995 28
1740672288884 0.00025037040000000006 29
1740672597588 0.000238728 30
1740672914775 0.00022708559999999999 31
1740673220717 0.0002154432 32
1740673519349 0.00020380079999999997 33
1740673835937 0.00019215839999999997 34
1740674129587 0.00018051600000000003 35
1740674447352 0.0001688736 36
1740674767397 0.0001572312 37
1740675083084 0.0001455888 38
1740675389253 0.00013394639999999997 39
1740675712317 0.00012230399999999997 40
1740676058437 0.00011066160000000003 41
1740676366612 9.901920000000002e-05 42
1740676668511 8.73768e-05 43
1740676966684 7.573439999999999e-05 44
1740677278635 6.409199999999998e-05 45
1740677589269 5.244959999999997e-05 46
1740677907855 4.0807200000000025e-05 47
1740678216508 2.9164800000000023e-05 48
1740678535622 1.752240000000001e-05 49
