1740563777210 0.00019429565217391303 0
1740563971350 0.00038256779826086957 1
1740564164680 0.0005630783443478259 2
1740564359486 0.0005530728 3
1740564545613 0.0005414304 4
1740564741574 0.000529788 5
1740564941765 0.0005181456 6
1740565134014 0.0005065031999999999 7
1740565321494 0.0004948608 8
1740565514302 0.0004832184 9
1740565704954 0.000471576 10
1740565907204 0.0004599336 11
1740566092421 0.0004482912 12
1740566281504 0.0004366488 13
1740566464902 0.0004250064 14
1740566667324 0.00041336399999999994 15
1740566869850 0.00040172159999999995 16
1740567073287 0.0003900791999999999 17
1740567277414 0.0003784368 18
1740567483335 0.0003667944 19
1740567687952 0.00035515199999999996 20
1740567894804 0.0003435096 21
1740568100841 0.00033186719999999997 22
1740568305224 0.00032022480000000003 23
1740568507602 0.00030858240000000004 24
1740568711808 0.00029694 25
1740568917999 0.0002852976 26
1740569116704 0.0002736552 27
1740569309280 0.00026201279999999995 28
1740569507031 0.00025037040000000006 29
1740569702253 0.000238728 30
1740569898030 0.00022708559999999999 31
1740570091011 0.0002154432 32
1740570286861 0.00020380079999999997 33
1740570484090 0.00019215839999999997 34
1740570681702 0.00018051600000000003 35
1740570880972 0.0001688736 36
1740571079181 0.0001572312 37
1740571278536 0.0001455888 38
1740571475401 0.00013394639999999997 39
1740571671148 0.00012230399999999997 40
1740571864552 0.00011066160000000003 41
1740572054448 9.901920000000002e-05 42
1740572244146 8.73768e-05 43
1740572439393 7.573439999999999e-05 44
1740572632237 6.409199999999998e-05 45
