1740563804502 0.28211 0
1740563999813 0.50172 1
1740564193063 0.73201 2
1740564387714 0.77014 3
1740564575185 0.87408 4
1740564771752 0.8744 5
1740564971559 0.87511 6
1740565160638 0.8887 7
1740565353273 0.90228 8
1740565541449 0.90811 9
1740565734718 0.90913 10
1740565933697 0.91684 11
1740566118643 0.93462 12
1740566307243 0.92508 13
1740566494937 0.95565 14
1740566697505 0.94067 15
1740566899667 0.94156 16
1740567103442 0.96209 17
1740567306959 0.95967 18
1740567513675 0.9601 19
1740567718233 0.96641 20
1740567925703 0.9597 21
1740568130372 0.96894 22
1740568335225 0.96777 23
1740568537462 0.97023 24
1740568741437 0.96223 25
1740568951047 0.96874 26
1740569143333 0.96992 27
1740569339442 0.97232 28
1740569535045 0.97268 29
1740569731986 0.9766 30
1740569926143 0.97526 31
1740570119936 0.97322 32
1740570316399 0.97675 33
1740570512920 0.97547 34
1740570710655 0.97598 35
1740570909297 0.97061 36
1740571108149 0.97696 37
1740571306109 0.97712 38
1740571503860 0.97523 39
1740571700006 0.97356 40
1740571892754 0.97277 41
1740572082923 0.97208 42
1740572271363 0.97346 43
1740572467569 0.97459 44
1740572662680 0.97469 45
1740572862186 0.97474 46
