1740563804502 0.25496 0
1740563999813 0.41734 1
1740564193063 0.63156 2
1740564387714 0.64672 3
1740564575185 0.76533 4
1740564771752 0.77169 5
1740564971559 0.76972 6
1740565160638 0.77578 7
1740565353273 0.79684 8
1740565541449 0.80413 9
1740565734718 0.81782 10
1740565933697 0.8175 11
1740566118643 0.83574 12
1740566307243 0.8255 13
1740566494937 0.86046 14
1740566697505 0.84206 15
1740566899667 0.84339 16
1740567103442 0.87554 17
1740567306959 0.87219 18
1740567513675 0.87445 19
1740567718233 0.87728 20
1740567925703 0.86317 21
1740568130372 0.89376 22
1740568335225 0.8782 23
1740568537462 0.89291 24
1740568741437 0.88171 25
1740568951047 0.88415 26
1740569143333 0.88868 27
1740569339442 0.89956 28
1740569535045 0.89801 29
1740569731986 0.90593 30
1740569926143 0.90188 31
1740570119936 0.90413 32
1740570316399 0.89934 33
1740570512920 0.89851 34
1740570710655 0.90252 35
1740570909297 0.90008 36
1740571108149 0.90747 37
1740571306109 0.90424 38
1740571503860 0.90873 39
1740571700006 0.90386 40
1740571892754 0.90803 41
1740572082923 0.90449 42
1740572271363 0.90256 43
1740572467569 0.90184 44
1740572662680 0.9022 45
1740572862186 0.90777 46
1740573049108 0.90772 47
1740573252100 0.90872 48
1740573446392 0.90862 49
1740573463733 0.9078794408815729 49
