1740563804502 0.28377 0
1740563999813 0.47545 1
1740564193063 0.61683 2
1740564387714 0.66795 3
1740564575185 0.84369 4
1740564771752 0.84883 5
1740564971559 0.8133 6
1740565160638 0.84515 7
1740565353273 0.85796 8
1740565541449 0.89915 9
1740565734718 0.87004 10
1740565933697 0.86492 11
1740566118643 0.89284 12
1740566307243 0.88214 13
1740566494937 0.92879 14
1740566697505 0.91836 15
1740566899667 0.87458 16
1740567103442 0.92302 17
1740567306959 0.93907 18
1740567513675 0.94283 19
1740567718233 0.92694 20
1740567925703 0.93046 21
1740568130372 0.9417 22
1740568335225 0.95638 23
1740568537462 0.95983 24
1740568741437 0.92777 25
1740568951047 0.94866 26
1740569143333 0.96392 27
1740569339442 0.95147 28
1740569535045 0.95421 29
1740569731986 0.94911 30
1740569926143 0.9626 31
1740570119936 0.96882 32
1740570316399 0.97198 33
1740570512920 0.96195 34
1740570710655 0.95423 35
1740570909297 0.96546 36
1740571108149 0.97279 37
1740571306109 0.96668 38
1740571503860 0.96306 39
1740571700006 0.95319 40
1740571892754 0.96344 41
1740572082923 0.95184 42
1740572271363 0.96572 43
