1740563804502 0.48421 0
1740563999813 0.53082 1
1740564193063 0.70989 2
1740564387714 0.71582 3
1740564575185 0.77111 4
1740564771752 0.77463 5
1740564971559 0.81305 6
1740565160638 0.82026 7
1740565353273 0.85233 8
1740565541449 0.82599 9
1740565734718 0.84851 10
1740565933697 0.86604 11
1740566118643 0.85832 12
1740566307243 0.88678 13
1740566494937 0.89172 14
1740566697505 0.90192 15
1740566899667 0.90611 16
1740567103442 0.92298 17
1740567306959 0.92678 18
1740567513675 0.91067 19
1740567718233 0.92962 20
1740567925703 0.9323 21
1740568130372 0.91124 22
1740568335225 0.90087 23
1740568537462 0.91329 24
1740568741437 0.90671 25
1740568951047 0.91501 26
1740569143333 0.91034 27
1740569339442 0.93881 28
1740569535045 0.93541 29
1740569731986 0.95249 30
1740569926143 0.93393 31
1740570119936 0.92758 32
1740570316399 0.94556 33
1740570512920 0.93376 34
1740570710655 0.94406 35
1740570909297 0.92053 36
1740571108149 0.94209 37
1740571306109 0.94549 38
1740571503860 0.94366 39
1740571700006 0.94559 40
1740571892754 0.94171 41
1740572082923 0.94103 42
1740572271363 0.9271 43
1740572467569 0.93868 44
1740572662680 0.95256 45
1740572862186 0.93869 46
1740573049108 0.95473 47
1740573252100 0.95403 48
1740573446392 0.95395 49
1740573463733 0.9538278987031062 49
