1740563777210 0.75581 0
1740563971350 0.8387 1
1740564164680 0.82493 2
1740564359486 0.77417 3
1740564545613 0.78656 4
1740564741574 0.74059 5
1740564941765 0.74509 6
1740565134014 0.70616 7
1740565321494 0.69134 8
1740565514302 0.69909 9
1740565704954 0.64642 10
1740565907204 0.65717 11
1740566092421 0.66148 12
1740566281504 0.64325 13
1740566464902 0.63271 14
1740566667324 0.61364 15
1740566869850 0.61839 16
1740567073287 0.60254 17
1740567277414 0.60246 18
1740567483335 0.60872 19
1740567687952 0.5872 20
1740567894804 0.61773 21
1740568100841 0.6002 22
1740568305224 0.58848 23
1740568507602 0.58093 24
1740568711808 0.57572 25
1740568917999 0.54366 26
1740569116704 0.54724 27
1740569309280 0.55524 28
1740569507031 0.5488 29
1740569702253 0.54327 30
1740569898030 0.5406 31
1740570091011 0.52139 32
1740570286861 0.52337 33
1740570484090 0.53433 34
1740570681702 0.5082 35
1740570880972 0.54677 36
1740571079181 0.52977 37
1740571278536 0.50129 38
1740571475401 0.50105 39
1740571671148 0.33992 40
1740571864552 0.32332 41
1740572054448 0.31181 42
1740572244146 0.31243 43
1740572439393 0.30034 44
1740572632237 0.30726 45
1740572833470 0.30232 46
1740573020547 0.29255 47
1740573223126 0.28526 48
1740573417504 0.27449 49
