1740563777210 3.46637 0
1740563971350 2.57662 1
1740564164680 2.00957 2
1740564359486 1.77998 3
1740564545613 1.61423 4
1740564741574 1.46604 5
1740564941765 1.40295 6
1740565134014 1.31289 7
1740565321494 1.25611 8
1740565514302 1.17203 9
1740565704954 1.15142 10
1740565907204 1.15479 11
1740566092421 1.09076 12
1740566281504 1.00467 13
1740566464902 0.98925 14
1740566667324 0.97193 15
1740566869850 0.97403 16
1740567073287 0.91978 17
1740567277414 0.87233 18
1740567483335 0.86589 19
1740567687952 0.84382 20
1740567894804 0.8664 21
1740568100841 0.82328 22
1740568305224 0.82427 23
1740568507602 0.7963 24
1740568711808 0.77663 25
1740568917999 0.74707 26
1740569116704 0.75234 27
1740569309280 0.71211 28
1740569507031 0.70731 29
1740569702253 0.71505 30
1740569898030 0.702 31
1740570091011 0.69079 32
1740570286861 0.66655 33
1740570484090 0.68208 34
1740570681702 0.61904 35
1740570880972 0.66812 36
1740571079181 0.64319 37
1740571278536 0.63194 38
1740571475401 0.61884 39
1740571671148 0.50189 40
1740571864552 0.49926 41
1740572054448 0.45877 42
1740572244146 0.44773 43
