1740563777210 1.14247 0
1740563971350 1.20561 1
1740564164680 1.16807 2
1740564359486 1.13932 3
1740564545613 1.14297 4
1740564741574 1.1102 5
1740564941765 1.11152 6
1740565134014 1.08583 7
1740565321494 1.07895 8
1740565514302 1.08435 9
1740565704954 1.06067 10
1740565907204 1.06701 11
1740566092421 1.06402 12
1740566281504 1.04958 13
1740566464902 1.0468 14
1740566667324 1.04398 15
1740566869850 1.04857 16
1740567073287 1.03855 17
1740567277414 1.03895 18
1740567483335 1.03406 19
1740567687952 1.02263 20
1740567894804 1.03315 21
1740568100841 1.035 22
1740568305224 1.01743 23
1740568507602 1.02236 24
1740568711808 1.01634 25
1740568917999 0.9977 26
1740569116704 1.01108 27
1740569309280 1.00563 28
1740569507031 1.00778 29
1740569702253 1.00313 30
1740569898030 1.00397 31
1740570091011 0.99473 32
1740570286861 0.99869 33
1740570484090 1.00198 34
1740570681702 0.98525 35
1740570880972 1.00239 36
1740571079181 0.99935 37
1740571278536 0.98952 38
1740571475401 0.98085 39
1740571671148 0.85731 40
1740571864552 0.85956 41
1740572054448 0.84162 42
1740572244146 0.83648 43
1740572439393 0.83131 44
1740572632237 0.84703 45
1740572833470 0.84653 46
1740573020547 0.83882 47
1740573223126 0.82546 48
1740573417504 0.83172 49
