1740495149494 0.00019429565217391303 0
1740495275827 0.00038256779826086957 1
1740495401733 0.0005630783443478259 2
1740495539384 0.0005530728 3
1740495672002 0.0005414304 4
1740495794508 0.000529788 5
1740495928468 0.0005181456 6
1740496066663 0.0005065031999999999 7
1740496201819 0.0004948608 8
1740496332336 0.0004832184 9
1740496463622 0.000471576 10
1740496589606 0.0004599336 11
1740496720516 0.0004482912 12
1740496856532 0.0004366488 13
1740496987441 0.0004250064 14
1740497108817 0.00041336399999999994 15
1740497230408 0.00040172159999999995 16
1740497353103 0.0003900791999999999 17
1740497485018 0.0003784368 18
1740497620974 0.0003667944 19
1740497753527 0.00035515199999999996 20
1740497877828 0.0003435096 21
1740498004838 0.00033186719999999997 22
1740498138986 0.00032022480000000003 23
1740498259523 0.00030858240000000004 24
1740498385843 0.00029694 25
1740498514381 0.0002852976 26
1740498629910 0.0002736552 27
1740498746880 0.00026201279999999995 28
1740498859810 0.00025037040000000006 29
1740498973088 0.000238728 30
1740499094061 0.00022708559999999999 31
