1740495149494 0.00019429565217391303 0
1740495275827 0.00038256779826086957 1
1740495401733 0.0005630783443478259 2
1740495539384 0.0005530728 3
1740495672002 0.0005414304 4
1740495794508 0.000529788 5
1740495928468 0.0005181456 6
1740496066663 0.0005065031999999999 7
1740496201819 0.0004948608 8
1740496332336 0.0004832184 9
1740496463622 0.000471576 10
1740496589606 0.0004599336 11
1740496720516 0.0004482912 12
1740496856532 0.0004366488 13
1740496987441 0.0004250064 14
1740497108817 0.00041336399999999994 15
1740497230408 0.00040172159999999995 16
1740497353103 0.0003900791999999999 17
1740497485018 0.0003784368 18
1740497620974 0.0003667944 19
