1740532699612 0.00019429565217391303 0
1740532832498 0.00038256779826086957 1
1740532953768 0.0005630783443478259 2
1740533071703 0.0005530728 3
1740533186649 0.0005414304 4
1740533316133 0.000529788 5
1740533445747 0.0005181456 6
1740533576133 0.0005065031999999999 7
1740533698161 0.0004948608 8
1740533822353 0.0004832184 9
1740533951215 0.000471576 10
1740534067365 0.0004599336 11
1740534187263 0.0004482912 12
1740534310408 0.0004366488 13
1740534433849 0.0004250064 14
1740534561104 0.00041336399999999994 15
1740534686738 0.00040172159999999995 16
1740534817622 0.0003900791999999999 17
1740534945094 0.0003784368 18
1740535072380 0.0003667944 19
1740535194062 0.00035515199999999996 20
1740535316857 0.0003435096 21
