1740495149494 0.69916 0
1740495275827 0.77834 1
1740495401733 0.78247 2
1740495539384 0.73458 3
1740495672002 0.71781 4
1740495794508 0.67257 5
1740495928468 0.65478 6
1740496066663 0.63198 7
1740496201819 0.62951 8
1740496332336 0.63085 9
1740496463622 0.60449 10
1740496589606 0.60228 11
1740496720516 0.59866 12
1740496856532 0.5779 13
1740496987441 0.57583 14
1740497108817 0.55258 15
1740497230408 0.55387 16
1740497353103 0.54076 17
1740497485018 0.55041 18
1740497620974 0.55384 19
1740497753527 0.53298 20
1740497877828 0.52708 21
1740498004838 0.53289 22
1740498138986 0.52202 23
1740498259523 0.5209 24
1740498385843 0.50944 25
1740498514381 0.48542 26
1740498629910 0.48862 27
1740498746880 0.50232 28
1740498859810 0.49042 29
1740498973088 0.49725 30
1740499094061 0.49182 31
1740499226390 0.47059 32
1740499360397 0.46265 33
1740499494207 0.47901 34
1740499624047 0.45434 35
1740499752234 0.48085 36
1740499879146 0.47087 37
1740500013895 0.44319 38
1740500137879 0.44011 39
1740500266756 0.27688 40
1740500394572 0.2726 41
1740500524529 0.26208 42
1740500644790 0.25728 43
1740500772433 0.25086 44
1740500895681 0.23978 45
1740501014655 0.23867 46
1740501129848 0.23456 47
1740501245786 0.23071 48
1740501365025 0.23286 49
