1740495149494 3.4156 0
1740495275827 2.4267 1
1740495401733 1.82503 2
1740495539384 1.59229 3
1740495672002 1.41917 4
1740495794508 1.25898 5
1740495928468 1.178 6
1740496066663 1.13994 7
1740496201819 1.072 8
1740496332336 1.00086 9
1740496463622 0.95309 10
1740496589606 0.94826 11
1740496720516 0.91479 12
1740496856532 0.86718 13
1740496987441 0.85379 14
1740497108817 0.82414 15
1740497230408 0.77283 16
1740497353103 0.77335 17
1740497485018 0.73724 18
1740497620974 0.74064 19
1740497753527 0.72371 20
1740497877828 0.71013 21
1740498004838 0.70036 22
1740498138986 0.68626 23
1740498259523 0.66373 24
1740498385843 0.64131 25
1740498514381 0.61664 26
1740498629910 0.62754 27
1740498746880 0.60343 28
1740498859810 0.58938 29
1740498973088 0.59613 30
1740499094061 0.58033 31
1740499226390 0.56913 32
1740499360397 0.54867 33
