1740495149494 1.10869 0
1740495275827 1.16355 1
1740495401733 1.13584 2
1740495539384 1.10866 3
1740495672002 1.1007 4
1740495794508 1.07043 5
1740495928468 1.05581 6
1740496066663 1.04841 7
1740496201819 1.04382 8
1740496332336 1.04499 9
1740496463622 1.035 10
1740496589606 1.03064 11
1740496720516 1.02979 12
1740496856532 1.02024 13
1740496987441 1.02165 14
1740497108817 1.0103 15
1740497230408 1.01153 16
1740497353103 1.00785 17
1740497485018 1.00879 18
1740497620974 1.00978 19
1740497753527 0.99981 20
1740497877828 0.99176 21
1740498004838 0.99797 22
1740498138986 0.98673 23
1740498259523 0.99243 24
1740498385843 0.98441 25
1740498514381 0.96922 26
1740498629910 0.98156 27
1740498746880 0.98107 28
1740498859810 0.98208 29
1740498973088 0.98334 30
1740499094061 0.97902 31
