1740663324878 0.30215 0
1740663637236 0.42221 1
1740663949979 0.56998 2
1740664263558 0.51957 3
1740664556368 0.7138 4
1740664854112 0.74735 5
1740665165884 0.72844 6
1740665472054 0.78674 7
1740665793391 0.78534 8
1740666114937 0.81198 9
1740666433945 0.76457 10
1740666746999 0.77218 11
1740667059489 0.83548 12
1740667367577 0.80042 13
1740667677647 0.81017 14
1740667989304 0.81575 15
1740668297669 0.86146 16
1740668608180 0.85041 17
1740668916397 0.85464 18
1740669228168 0.84465 19
1740669541699 0.85533 20
1740669853386 0.86064 21
1740670165924 0.88809 22
1740670478109 0.8808 23
1740670793477 0.88716 24
1740671104771 0.8825 25
1740671419047 0.8901 26
1740671733651 0.88983 27
1740672028112 0.89359 28
1740672326105 0.89342 29
1740672638385 0.90016 30
1740672953023 0.89767 31
1740673258503 0.89671 32
1740673555141 0.89667 33
1740673872765 0.89828 34
1740674169742 0.90254 35
1740674488256 0.897 36
1740674806295 0.90455 37
1740675121840 0.90377 38
1740675427126 0.90739 39
1740675755381 0.90885 40
1740676094516 0.90084 41
1740676404502 0.91316 42
1740676705498 0.90861 43
1740677006039 0.91292 44
1740677317258 0.92149 45
1740677628148 0.91964 46
1740677947257 0.91762 47
1740678251747 0.91658 48
1740678574674 0.91812 49
1740678609097 0.9213275064919741 49
