1740663324878 0.34772 0
1740663637236 0.52831 1
1740663949979 0.72882 2
1740664263558 0.6814 3
1740664556368 0.84822 4
1740664854112 0.87939 5
1740665165884 0.85835 6
1740665472054 0.9157 7
1740665793391 0.90781 8
1740666114937 0.94285 9
1740666433945 0.8839 10
1740666746999 0.87788 11
1740667059489 0.93444 12
1740667367577 0.92832 13
1740667677647 0.92937 14
1740667989304 0.9327 15
1740668297669 0.95587 16
1740668608180 0.95337 17
1740668916397 0.96162 18
1740669228168 0.94656 19
1740669541699 0.95873 20
1740669853386 0.96419 21
1740670165924 0.969 22
1740670478109 0.96875 23
1740670793477 0.96966 24
1740671104771 0.97051 25
1740671419047 0.9749 26
1740671733651 0.97072 27
1740672028112 0.97581 28
1740672326105 0.97395 29
1740672638385 0.97772 30
1740672953023 0.97444 31
1740673258503 0.96837 32
1740673555141 0.97567 33
1740673872765 0.97311 34
1740674169742 0.97614 35
1740674488256 0.97141 36
1740674806295 0.97513 37
1740675121840 0.97541 38
1740675427126 0.97295 39
1740675755381 0.97308 40
1740676094516 0.97465 41
1740676404502 0.97661 42
1740676705498 0.9742 43
1740677006039 0.97726 44
1740677317258 0.97587 45
1740677628148 0.97889 46
1740677947257 0.97796 47
1740678251747 0.97751 48
1740678574674 0.97787 49
1740678609097 0.9758414183305467 49
