1740663324878 0.4089 0
1740663637236 0.51808 1
1740663949979 0.66246 2
1740664263558 0.63662 3
1740664556368 0.76555 4
1740664854112 0.8191 5
1740665165884 0.77861 6
1740665472054 0.8377 7
1740665793391 0.86448 8
1740666114937 0.89527 9
1740666433945 0.86762 10
1740666746999 0.8492 11
1740667059489 0.88337 12
1740667367577 0.88219 13
1740667677647 0.86231 14
1740667989304 0.90654 15
1740668297669 0.90141 16
1740668608180 0.9304 17
1740668916397 0.92496 18
1740669228168 0.9078 19
1740669541699 0.9134 20
1740669853386 0.94449 21
1740670165924 0.93622 22
1740670478109 0.93625 23
1740670793477 0.93902 24
1740671104771 0.95379 25
1740671419047 0.95624 26
1740671733651 0.93938 27
1740672028112 0.94982 28
1740672326105 0.95357 29
1740672638385 0.95915 30
1740672953023 0.94864 31
1740673258503 0.96329 32
1740673555141 0.95984 33
1740673872765 0.95256 34
1740674169742 0.93987 35
1740674488256 0.95379 36
1740674806295 0.95456 37
1740675121840 0.95734 38
1740675427126 0.94511 39
1740675755381 0.93792 40
1740676094516 0.93593 41
1740676404502 0.95113 42
1740676705498 0.94926 43
1740677006039 0.9425 44
1740677317258 0.96738 45
1740677628148 0.97018 46
1740677947257 0.9651 47
1740678251747 0.96451 48
1740678574674 0.95958 49
1740678609097 0.9671656654496749 49
