1740663324878 0.343 0
1740663637236 0.56213 1
1740663949979 0.67412 2
1740664263558 0.68078 3
1740664556368 0.76037 4
1740664854112 0.8169 5
1740665165884 0.83457 6
1740665472054 0.8486 7
1740665793391 0.82281 8
1740666114937 0.84981 9
1740666433945 0.82897 10
1740666746999 0.84487 11
1740667059489 0.87293 12
1740667367577 0.8469 13
1740667677647 0.89369 14
1740667989304 0.8657 15
1740668297669 0.8852 16
1740668608180 0.87581 17
1740668916397 0.92506 18
1740669228168 0.88233 19
1740669541699 0.90872 20
1740669853386 0.91131 21
1740670165924 0.92245 22
1740670478109 0.92194 23
1740670793477 0.90882 24
1740671104771 0.89643 25
1740671419047 0.93429 26
1740671733651 0.92333 27
1740672028112 0.94362 28
1740672326105 0.9277 29
1740672638385 0.94462 30
1740672953023 0.95845 31
1740673258503 0.93958 32
1740673555141 0.95798 33
1740673872765 0.91364 34
1740674169742 0.94738 35
1740674488256 0.96323 36
1740674806295 0.94613 37
1740675121840 0.94465 38
1740675427126 0.95278 39
1740675755381 0.95227 40
1740676094516 0.95139 41
1740676404502 0.95241 42
1740676705498 0.95152 43
1740677006039 0.95183 44
1740677317258 0.94687 45
1740677628148 0.95664 46
1740677947257 0.95033 47
1740678251747 0.94869 48
1740678574674 0.94628 49
1740678609097 0.9474327680374608 49
