1740663285753 0.73362 0
1740663598163 0.79963 1
1740663911212 0.77163 2
1740664223210 0.77539 3
1740664522239 0.77551 4
1740664814357 0.71859 5
1740665127459 0.71023 6
1740665434375 0.6836 7
1740665753884 0.68614 8
1740666075429 0.67176 9
1740666393671 0.66045 10
1740666708657 0.67201 11
1740667021563 0.64407 12
1740667329306 0.6168 13
1740667640016 0.61889 14
1740667951176 0.59993 15
1740668258823 0.62199 16
1740668570073 0.58274 17
1740668877733 0.60032 18
1740669189540 0.57991 19
1740669503162 0.57205 20
1740669814760 0.58911 21
1740670128082 0.56145 22
1740670439364 0.57456 23
1740670755340 0.56299 24
1740671066221 0.55663 25
1740671378237 0.53213 26
1740671695681 0.5245 27
1740671990368 0.52409 28
1740672288884 0.52917 29
1740672597588 0.52341 30
1740672914775 0.53769 31
1740673220717 0.51308 32
1740673519349 0.51217 33
1740673835937 0.51633 34
1740674129587 0.47808 35
1740674447352 0.52544 36
1740674767397 0.50715 37
1740675083084 0.49109 38
1740675389253 0.47972 39
1740675712317 0.34407 40
1740676058437 0.33362 41
1740676366612 0.3174 42
1740676668511 0.31773 43
1740676966684 0.31101 44
1740677278635 0.30785 45
1740677589269 0.30583 46
1740677907855 0.29956 47
1740678216508 0.28905 48
1740678535622 0.27406 49
