1740663285753 3.50795 0
1740663598163 2.6055 1
1740663911212 2.07163 2
1740664223210 1.90619 3
1740664522239 1.74005 4
1740664814357 1.55456 5
1740665127459 1.46282 6
1740665434375 1.38417 7
1740665753884 1.31898 8
1740666075429 1.24261 9
1740666393671 1.19845 10
1740666708657 1.20369 11
1740667021563 1.13747 12
1740667329306 1.04933 13
1740667640016 1.00529 14
1740667951176 1.00794 15
1740668258823 0.99975 16
1740668570073 0.9331 17
1740668877733 0.89386 18
1740669189540 0.89121 19
1740669503162 0.87004 20
1740669814760 0.86568 21
1740670128082 0.80675 22
1740670439364 0.82508 23
1740670755340 0.80176 24
1740671066221 0.76326 25
1740671378237 0.74357 26
1740671695681 0.73891 27
1740671990368 0.70556 28
1740672288884 0.69958 29
1740672597588 0.6937 30
1740672914775 0.68692 31
1740673220717 0.67653 32
1740673519349 0.66165 33
1740673835937 0.67006 34
1740674129587 0.616 35
1740674447352 0.65616 36
1740674767397 0.64892 37
1740675083084 0.62369 38
1740675389253 0.61004 39
1740675712317 0.539 40
1740676058437 0.53368 41
1740676366612 0.5013 42
1740676668511 0.47565 43
1740676966684 0.47904 44
1740677278635 0.47609 45
1740677589269 0.4677 46
1740677907855 0.46327 47
1740678216508 0.44617 48
1740678535622 0.43251 49
