1740663285753 1.23819 0
1740663598163 1.28209 1
1740663911212 1.2225 2
1740664223210 1.22803 3
1740664522239 1.22406 4
1740664814357 1.17988 5
1740665127459 1.17241 6
1740665434375 1.15997 7
1740665753884 1.15755 8
1740666075429 1.13101 9
1740666393671 1.14617 10
1740666708657 1.15762 11
1740667021563 1.13727 12
1740667329306 1.10314 13
1740667640016 1.11199 14
1740667951176 1.10343 15
1740668258823 1.12604 16
1740668570073 1.08463 17
1740668877733 1.10362 18
1740669189540 1.08342 19
1740669503162 1.08102 20
1740669814760 1.09408 21
1740670128082 1.07082 22
1740670439364 1.08083 23
1740670755340 1.07197 24
1740671066221 1.06381 25
1740671378237 1.05398 26
1740671695681 1.05798 27
1740671990368 1.0501 28
1740672288884 1.05767 29
1740672597588 1.04633 30
1740672914775 1.06207 31
1740673220717 1.04951 32
1740673519349 1.05282 33
1740673835937 1.0436 34
1740674129587 1.02403 35
1740674447352 1.04821 36
1740674767397 1.04304 37
1740675083084 1.03378 38
1740675389253 1.01817 39
1740675712317 0.92329 40
1740676058437 0.90875 41
1740676366612 0.89664 42
1740676668511 0.90456 43
1740676966684 0.89148 44
1740677278635 0.90491 45
1740677589269 0.90001 46
1740677907855 0.88793 47
1740678216508 0.86894 48
1740678535622 0.87603 49
