1740532699612 0.69916 0
1740532832498 0.77834 1
1740532953768 0.78247 2
1740533071703 0.73458 3
1740533186649 0.71781 4
1740533316133 0.67257 5
1740533445747 0.65478 6
1740533576133 0.63198 7
1740533698161 0.62951 8
1740533822353 0.63085 9
1740533951215 0.60449 10
1740534067365 0.60228 11
1740534187263 0.59866 12
1740534310408 0.5779 13
1740534433849 0.57583 14
1740534561104 0.55258 15
1740534686738 0.55387 16
1740534817622 0.54076 17
1740534945094 0.55041 18
1740535072380 0.55384 19
1740535194062 0.53298 20
1740535316857 0.52708 21
1740535442150 0.53289 22
1740535572680 0.52202 23
1740535696012 0.5209 24
1740535822582 0.50944 25
