1740532699612 3.4156 0
1740532832498 2.4267 1
1740532953768 1.82503 2
1740533071703 1.59229 3
1740533186649 1.41917 4
1740533316133 1.25898 5
1740533445747 1.178 6
1740533576133 1.13994 7
1740533698161 1.072 8
1740533822353 1.00086 9
1740533951215 0.95309 10
1740534067365 0.94826 11
1740534187263 0.91479 12
1740534310408 0.86718 13
1740534433849 0.85379 14
1740534561104 0.82414 15
1740534686738 0.77283 16
1740534817622 0.77335 17
1740534945094 0.73724 18
1740535072380 0.74064 19
1740535194062 0.72371 20
1740535316857 0.71013 21
1740535442150 0.70036 22
1740535572680 0.68626 23
1740535696012 0.66373 24
1740535822582 0.64131 25
