1740532699612 1.10869 0
1740532832498 1.16355 1
1740532953768 1.13584 2
1740533071703 1.10866 3
1740533186649 1.1007 4
1740533316133 1.07043 5
1740533445747 1.05581 6
1740533576133 1.04841 7
1740533698161 1.04382 8
1740533822353 1.04499 9
1740533951215 1.035 10
1740534067365 1.03064 11
1740534187263 1.02979 12
1740534310408 1.02024 13
1740534433849 1.02165 14
1740534561104 1.0103 15
1740534686738 1.01153 16
1740534817622 1.00785 17
1740534945094 1.00879 18
1740535072380 1.00978 19
1740535194062 0.99981 20
1740535316857 0.99176 21
