1740495167453 0.28607 0
1740495294644 0.49367 1
1740495420570 0.63568 2
1740495557725 0.64062 3
1740495688822 0.75887 4
1740495812258 0.81207 5
1740495945297 0.77902 6
1740496085256 0.7955 7
1740496218626 0.8503 8
1740496349447 0.84485 9
1740496479879 0.84979 10
1740496608010 0.85444 11
1740496738791 0.84123 12
1740496876073 0.82699 13
1740497005291 0.87062 14
1740497124944 0.85815 15
1740497246639 0.86207 16
1740497369878 0.87093 17
1740497502679 0.8659 18
1740497640714 0.87664 19
1740497769297 0.88709 20
1740497894209 0.88862 21
1740498022470 0.89287 22
1740498155059 0.88685 23
1740498276279 0.88996 24
1740498404157 0.89614 25
1740498530177 0.8994 26
1740498645500 0.89372 27
1740498762092 0.90649 28
1740498875340 0.90672 29
1740498988377 0.89968 30
1740499111634 0.90302 31
