1740495167453 0.31439 0
1740495294644 0.586 1
1740495420570 0.75121 2
1740495557725 0.76796 3
1740495688822 0.86683 4
1740495812258 0.9075 5
1740495945297 0.88543 6
1740496085256 0.91249 7
1740496218626 0.94435 8
1740496349447 0.94127 9
1740496479879 0.94906 10
1740496608010 0.94704 11
1740496738791 0.93574 12
1740496876073 0.93239 13
1740497005291 0.96375 14
1740497124944 0.96013 15
1740497246639 0.95833 16
1740497369878 0.96951 17
1740497502679 0.96222 18
1740497640714 0.96887 19
1740497769297 0.97033 20
1740497894209 0.97204 21
1740498022470 0.9721 22
1740498155059 0.97467 23
1740498276279 0.97725 24
1740498404157 0.97304 25
1740498530177 0.97523 26
1740498645500 0.97181 27
1740498762092 0.97572 28
1740498875340 0.97584 29
1740498988377 0.97464 30
1740499111634 0.9756 31
1740499242699 0.97737 32
1740499378006 0.97695 33
1740499511936 0.97874 34
1740499641409 0.98051 35
1740499769352 0.97932 36
1740499896052 0.97833 37
1740500030893 0.97848 38
1740500153372 0.97928 39
1740500284793 0.97755 40
1740500414013 0.97209 41
1740500542121 0.97673 42
1740500660393 0.97713 43
1740500788253 0.97658 44
1740500911842 0.97657 45
1740501030239 0.97803 46
1740501145187 0.97814 47
1740501261194 0.97826 48
1740501384327 0.97807 49
1740501402751 0.9781152332340853 49
