1740495167453 0.30223 0
1740495294644 0.52006 1
1740495420570 0.7116 2
1740495557725 0.74586 3
1740495688822 0.79155 4
1740495812258 0.84438 5
1740495945297 0.84224 6
1740496085256 0.83146 7
1740496218626 0.92735 8
1740496349447 0.9177 9
1740496479879 0.93907 10
1740496608010 0.92621 11
1740496738791 0.91979 12
1740496876073 0.88475 13
1740497005291 0.92196 14
1740497124944 0.94679 15
1740497246639 0.91488 16
1740497369878 0.93247 17
1740497502679 0.9516 18
1740497640714 0.9434 19
1740497769297 0.96198 20
1740497894209 0.95915 21
1740498022470 0.94563 22
1740498155059 0.94348 23
1740498276279 0.9596 24
1740498404157 0.95355 25
1740498530177 0.96675 26
1740498645500 0.9528 27
1740498762092 0.95378 28
1740498875340 0.95621 29
1740498988377 0.95311 30
1740499111634 0.94597 31
