1740495167453 0.45624 0
1740495294644 0.61835 1
1740495420570 0.69848 2
1740495557725 0.69586 3
1740495688822 0.82594 4
1740495812258 0.85991 5
1740495945297 0.83169 6
1740496085256 0.88206 7
1740496218626 0.83008 8
1740496349447 0.86016 9
1740496479879 0.88297 10
1740496608010 0.91028 11
1740496738791 0.88389 12
1740496876073 0.88832 13
1740497005291 0.92163 14
1740497124944 0.90851 15
1740497246639 0.91725 16
1740497369878 0.95496 17
1740497502679 0.90859 18
1740497640714 0.91588 19
1740497769297 0.89927 20
1740497894209 0.93408 21
1740498022470 0.92558 22
1740498155059 0.93738 23
1740498276279 0.93918 24
1740498404157 0.94444 25
1740498530177 0.92858 26
1740498645500 0.93219 27
1740498762092 0.94679 28
1740498875340 0.94812 29
1740498988377 0.95123 30
1740499111634 0.94846 31
1740499242699 0.94877 32
1740499378006 0.94966 33
